34

0
  (10, 0, 20)
  (1, 0, 0, 0)
  (1, 1, 1)

1
  (0, 0, 0)
  (1, 0, 0, 0)
  (1, 1, 1)

2
  (1.21639, 0, -1.64717)
  (1, 0, 0, 0)
  (1, 1, 1)

3
  (-1.25173, 2.62165, 2.15553)
  (1, 0, 0, 0)
  (1, 1, 1)

4
  (0.038558, 0.139178, -0.222858)
  (1, 0, 0, 0)
  (1, 1, 1)

5
  (0, 0, 0)
  (1, 0, 0, 0)
  (1, 1, 1)

6
  (0.040998, 0.001622, 0.001049)
  (1, 0, 0.00057, 0)
  (1, 1, 1)

7
  (1.87581, 1.34306, 0.465729)
  (0.707107, 0, 0.707107, 0)
  (1, 1, 1)

8
  (-1.9392, 1.34306, 0.46573)
  (0.707107, 0, 0.707107, 0)
  (1, 1, 1)

9
  (0, 0, 0)
  (1, 0, 0, 0)
  (1, 1, 1)

10
  (-1.48294, 0.139499, -0.21917)
  (0.653281, -0.270598, -0.653282, 0.270598)
  (1, 1, 1)

11
  (0.259213, -0.803598, 0.015251)
  (1, 0, 0, 0)
  (1, 1, 1)

12
  (-0.24988, -0.803598, 0.015251)
  (1, 0, 0, 0)
  (1, 1, 1)

13
  (0, 0, 0)
  (1, 0, 0, 0)
  (1, 1, 1)

14
  (0.004894, -0.976574, -0.140529)
  (1, 0, 0, 0)
  (1, 1, 1)

15
  (0, 0, 0)
  (1, 0, 0, 0)
  (1, 1, 1)

16
  (-1.76927, -0.47541, -0.16264)
  (1, 0, 0, 0)
  (1, 1, 1)

17
  (0, 0, 0)
  (1, 0, 0, 0)
  (1, 1, 1)

18
  (-0.035334, -0.296583, -0.004596)
  (-0.270598, 0.653281, 0.270598, 0.653282)
  (1, 1, 1)

19
  (-0.362156, 0.041567, -0.006639)
  (0.653281, -0.270598, 0.653282, 0.270598)
  (1, 1, 1)

20
  (-0.199656, -0.132261, -0.245302)
  (0.270598, 0.270598, 0.653281, 0.653282)
  (1, 1, 1)

21
  (-0.201101, -0.130816, 0.219798)
  (0.653281, -0.653281, 0.270598, -0.270598)
  (1, 1, 1)

22
  (1.56155, 0.139499, -0.21159)
  (0.653281, -0.270598, -0.653282, 0.270598)
  (1, 1, 1)

23
  (0.253845, -0.798237, -0.015251)
  (1, 0, 0, 0)
  (1, 1, 1)

24
  (-0.255248, -0.798237, -0.015251)
  (1, 0, 0, 0)
  (1, 1, 1)

25
  (0, 0, 0)
  (1, 0, 0, 0)
  (1, 1, 1)

26
  (-0.000474, -0.971214, 0.140529)
  (1, 0, 0, 0)
  (1, 1, 1)

27
  (0, 0, 0)
  (1, 0, 0, 0)
  (1, 1, 1)

28
  (-1.76927, -0.47541, 0.162646)
  (1, 0, 0, 0)
  (1, 1, 1)

29
  (0, 0, 0)
  (1, 0, 0, 0)
  (1, 1, 1)

30
  (-0.033288, -0.298731, 0.004596)
  (-0.270598, 0.653281, 0.270598, 0.653282)
  (1, 1, 1)

31
  (-0.367871, 0.035851, 0.006638)
  (0.653282, -0.270598, 0.653281, 0.270598)
  (1, 1, 1)

32
  (-0.201152, -0.130868, -0.225356)
  (0.653287, -0.653279, 0.270593, -0.270596)
  (1, 1, 1)

33
  (-0.199708, -0.132312, 0.231638)
  (0.270596, 0.270593, 0.653279, 0.653287)
  (1, 1, 1)

