34 Nodes

Node 0 - Root
  (50, 0.3, 0)
  (1, 0, 0, 0)
  (3, 3, 3)

Node 1 - Frame_World
  (0, 0, 0)
  (1, 0, 0, 0)
  (1, 1, 1)

Node 2 - Frame_ed_209
  (1.21639, 0, -1.64717)
  (1, 0, 0, 0)
  (1, 1, 1)

Node 3 - Frame_ED_MstrDum
  (-1.25173, 2.97299, 2.49914)
  (1, 0, 0, 0)
  (1, 1, 1)

Node 4 - Frame_ED_hip
  (0.038558, 0.139178, -0.222858)
  (1, 0, 0, 0)
  (1, 1, 1)

Node 5 - Frame_ED_hip__1
  (0, 0, 0)
  (1, 0, 0, 0)
  (1, 1, 1)

Node 6 - Frame_ED_body
  (0.040998, 0.001622, 0.001049)
  (0.92388, 0, -0.382683, 0)
  (1, 1, 1)

Node 7 - Frame_ED_arm
  (1.87581, 1.34306, 0.465729)
  (0.707107, 0, 0.707107, 0)
  (1, 1, 1)

Node 8 - Frame_ED_arm_R
  (-1.9392, 1.34306, 0.46573)
  (0.707107, 0, 0.707107, 0)
  (1, 1, 1)

Node 9 - Frame_ED_body__1
  (0, 0, 0)
  (1, 0, 0, 0)
  (1, 1, 1)

Node 10 - Frame_ED_legtp_R
  (-1.48294, 0.139499, -0.21917)
  (0.653281, -0.270598, -0.653282, 0.270598)
  (1, 1, 1)

Node 11 - Frame_ED_legpsR1
  (0.259213, -0.803598, 0.015251)
  (1, 0, 0, 0)
  (1, 1, 1)

Node 12 - Frame_ED_legps_R
  (-0.24988, -0.803598, 0.015251)
  (1, 0, 0, 0)
  (1, 1, 1)

Node 13 - Frame_ED_legtp_R__1
  (0, 0, 0)
  (1, 0, 0, 0)
  (1, 1, 1)

Node 14 - Frame_ED_legpv_R
  (0.004894, -0.976574, -0.140529)
  (1, 0, 0, 0)
  (1, 1, 1)

Node 15 - Frame_ED_legpv_R__1
  (0, 0, 0)
  (1, 0, 0, 0)
  (1, 1, 1)

Node 16 - Frame_ED_shin_R
  (-2.25026, -0.47541, -0.16264)
  (1, 0, 0, 0)
  (1, 1, 1)

Node 17 - Frame_ED_shin_R__1
  (0, 0, 0)
  (1, 0, 0, 0)
  (1, 1, 1)

Node 18 - Frame_ED_toe_RB
  (-0.035334, -0.296583, -0.004596)
  (-0.270598, 0.653281, 0.270598, 0.653282)
  (1, 1, 1)

Node 19 - Frame_ED_toe_RF
  (-0.362156, 0.041567, -0.006639)
  (0.653281, -0.270598, 0.653282, 0.270598)
  (1, 1, 1)

Node 20 - Frame_ED_toe_RL
  (-0.199656, -0.132261, -0.245302)
  (0.270598, 0.270598, 0.653281, 0.653282)
  (1, 1, 1)

Node 21 - Frame_ED_toe_RR
  (-0.201101, -0.130816, 0.219798)
  (0.653281, -0.653281, 0.270598, -0.270598)
  (1, 1, 1)

Node 22 - Frame_ED_legtp_L
  (1.56155, 0.139499, -0.21159)
  (0.653281, -0.270598, -0.653282, 0.270598)
  (1, 1, 1)

Node 23 - Frame_ED_legpsL1
  (0.253845, -0.798237, -0.015251)
  (1, 0, 0, 0)
  (1, 1, 1)

Node 24 - Frame_ED_legps_L
  (-0.255248, -0.798237, -0.015251)
  (1, 0, 0, 0)
  (1, 1, 1)

Node 25 - Frame_ED_legtp_L__1
  (0, 0, 0)
  (1, 0, 0, 0)
  (1, 1, 1)

Node 26 - Frame_ED_legpv_L
  (-0.000474, -0.971214, 0.140529)
  (1, 0, 0, 0)
  (1, 1, 1)

Node 27 - Frame_ED_legpv_L__1
  (0, 0, 0)
  (1, 0, 0, 0)
  (1, 1, 1)

Node 28 - Frame_ED_shin_L
  (-2.25026, -0.47541, 0.162646)
  (1, 0, 0, 0)
  (1, 1, 1)

Node 29 - Frame_ED_shin_L__1
  (0, 0, 0)
  (1, 0, 0, 0)
  (1, 1, 1)

Node 30 - Frame_ED_toe_LB
  (-0.033288, -0.298731, 0.004596)
  (-0.270598, 0.653281, 0.270598, 0.653282)
  (1, 1, 1)

Node 31 - Frame_ED_toe_LF
  (-0.367871, 0.035851, 0.006638)
  (0.653281, -0.270598, 0.653282, 0.270598)
  (1, 1, 1)

Node 32 - Frame_ED_toe_LL
  (-0.201152, -0.130868, -0.225356)
  (0.653287, -0.653279, 0.270593, -0.270596)
  (1, 1, 1)

Node 33 - Frame_ED_toe_LR
  (-0.199708, -0.132312, 0.231638)
  (0.270596, 0.270594, 0.65328, 0.653286)
  (1, 1, 1)

