34 Nodes

Node 0 - Root
  (50, 0.3, 0)
  (1, 0, 0, 0)
  (3, 3, 3)

Node 1 - Frame_World
  (0, 0, 0)
  (1, 0, 0, 0)
  (1, 1, 1)

Node 2 - Frame_ed_209
  (1.21639, 0, -2.92934)
  (1, 0, 0, 0)
  (1, 1, 1)

Node 3 - Frame_ED_MstrDum
  (-1.25173, 2.9835, 2.15428)
  (1, 0, 0, 0)
  (1, 1, 1)

Node 4 - Frame_ED_hip
  (0.038558, 0.139178, -0.222858)
  (1, 0, 0, 0)
  (1, 1, 1)

Node 5 - Frame_ED_hip__1
  (0, 0, 0)
  (1, 0, 0, 0)
  (1, 1, 1)

Node 6 - Frame_ED_body
  (0.040998, 0.001622, 0.001049)
  (1, 0, 0, 0)
  (1, 1, 1)

Node 7 - Frame_ED_arm
  (1.87581, 1.34306, 0.465729)
  (0.707107, 0, 0.707107, 0)
  (1, 1, 1)

Node 8 - Frame_ED_arm_R
  (-1.9392, 1.34306, 0.46573)
  (0.707107, 0, 0.707107, 0)
  (1, 1, 1)

Node 9 - Frame_ED_body__1
  (0, 0, 0)
  (1, 0, 0, 0)
  (1, 1, 1)

Node 10 - Frame_ED_legtp_R
  (-1.48294, 0.139499, -0.21917)
  (0.648804, -0.281166, -0.648803, 0.281166)
  (1, 1, 1)

Node 11 - Frame_ED_legpsR1
  (0.259213, -0.803598, 0.015251)
  (1, 0, 0, 0)
  (1, 1, 1)

Node 12 - Frame_ED_legps_R
  (-0.24988, -0.803598, 0.015251)
  (1, 0, 0, 0)
  (1, 1, 1)

Node 13 - Frame_ED_legtp_R__1
  (0, 0, 0)
  (1, 0, 0, 0)
  (1, 1, 1)

Node 14 - Frame_ED_legpv_R
  (0.004894, -0.976574, -0.140529)
  (1, 0, 0, 0)
  (1, 1, 1)

Node 15 - Frame_ED_legpv_R__1
  (0, 0, 0)
  (1, 0, 0, 0)
  (1, 1, 1)

Node 16 - Frame_ED_shin_R
  (-1.77458, -0.47541, -0.16264)
  (1, 0, 0, 0)
  (1, 1, 1)

Node 17 - Frame_ED_shin_R__1
  (0, 0, 0)
  (0.999979, 0.00535311, -0.00372408, -0.000277006)
  (1, 1, 1)

Node 18 - Frame_ED_toe_RB
  (-0.094926, -0.332833, -0.004596)
  (-0.16783, 0.686901, 0.16783, 0.686901)
  (1, 0.999999, 0.999999)

Node 19 - Frame_ED_toe_RF
  (-0.32079, 0.065077, -0.006609)
  (0.606643, -0.357835, 0.610503, 0.362249)
  (1, 1, 1)

Node 20 - Frame_ED_toe_RL
  (-0.199656, -0.132261, -0.245302)
  (0.261816, 0.361394, 0.724707, 0.52502)
  (1, 1, 1)

Node 21 - Frame_ED_toe_RR
  (-0.201101, -0.130816, 0.219798)
  (0.711478, -0.533669, 0.272489, -0.367078)
  (1, 1, 1)

Node 22 - Frame_ED_legtp_L
  (1.56155, 0.139499, -0.21159)
  (0.65543, -0.265351, -0.65543, 0.265351)
  (1, 1, 1)

Node 23 - Frame_ED_legpsL1
  (0.253845, -0.798237, -0.015251)
  (1, 0, 0, 0)
  (1, 1, 1)

Node 24 - Frame_ED_legps_L
  (-0.255248, -0.798237, -0.015251)
  (1, 0, 0, 0)
  (1, 1, 1)

Node 25 - Frame_ED_legtp_L__1
  (0, 0, 0)
  (1, 0, 0, 0)
  (1, 1, 1)

Node 26 - Frame_ED_legpv_L
  (-0.000474, -0.971214, 0.140529)
  (0.999996, 0, 0, -0.00288901)
  (1, 1, 1)

Node 27 - Frame_ED_legpv_L__1
  (0, 0, 0)
  (1, 0, 0, 0)
  (1, 1, 1)

Node 28 - Frame_ED_shin_L
  (-2.26709, -0.47541, 0.162646)
  (1, 0, 0, 0)
  (1, 1, 1)

Node 29 - Frame_ED_shin_L__1
  (0, 0, 0)
  (1, 0, 0, 0)
  (1, 1, 1)

Node 30 - Frame_ED_toe_LB
  (-0.065223, -0.321525, 0.004596)
  (-0.280015, 0.649301, 0.280015, 0.649301)
  (1, 1, 1)

Node 31 - Frame_ED_toe_LF
  (-0.378006, 0.000207, 0.006635)
  (0.650919, -0.282483, 0.648052, 0.276651)
  (1, 1, 1)

Node 32 - Frame_ED_toe_LL
  (-0.217737, -0.151219, -0.225357)
  (0.656431, -0.656425, 0.262871, -0.262874)
  (1, 1, 1)

Node 33 - Frame_ED_toe_LR
  (-0.210585, -0.146926, 0.231637)
  (0.27905, 0.279048, 0.649713, 0.64972)
  (1, 1, 1)

